<?xml version="1.0"?>
<opencv_storage>
<camera type_id="opencv-matrix">
  <rows>3</rows>
  <cols>3</cols>
  <dt>d</dt>
  <data>
    6.0488537599999995e+02 0. 3.1016259800000000e+02 0.
    6.0739318800000001e+02 2.3486807300000001e+02 0. 0. 1.</data></camera>
<distortion type_id="opencv-matrix">
  <rows>4</rows>
  <cols>1</cols>
  <dt>d</dt>
  <data>
    5.7687000000000002e-02 1.2252900000000000e-01
    -1.1180000000000001e-03 -7.7999999999999999e-05</data></distortion>
<size>
  640 480</size>
</opencv_storage>
